166
163
172
156
110
118
121
135
141
142
144
143
143
142
142
143
141
139
139
127
139
163
164
162
162
192
168
127
131
133
136
111
165
167
163
144
126
115
123
131
138
141
142
142
141
141
140
140
140
139
136
133
140
152
163
163
165
173
168
155
133
117
100
61
168
166
162
143
125
114
123
131
137
140
141
142
144
147
151
151
146
141
135
131
138
149
161
161
159
166
172
162
134
100
78
62
172
161
157
142
124
112
122
129
136
137
138
139
144
152
161
166
162
151
138
129
136
145
156
157
156
158
167
150
121
80
66
60
162
150
151
141
122
111
121
128
134
134
134
137
144
157
171
182
182
173
151
133
133
143
149
148
149
154
150
127
96
70
72
70
123
139
147
141
121
110
119
127
131
130
131
135
142
155
171
188
196
193
175
147
140
141
138
135
137
146
129
98
74
71
91
137
104
132
146
140
120
109
120
127
130
130
131
137
145
158
174
189
198
203
194
169
154
145
130
129
138
146
116
79
68
86
117
162
104
131
147
140
121
109
122
128
130
129
132
140
150
163
177
187
194
198
200
186
174
158
143
146
160
150
113
70
79
108
139
163
112
134
149
142
122
109
125
132
134
130
133
142
153
165
176
181
186
190
193
190
183
175
167
173
185
155
112
73
97
130
154
160
112
136
151
144
124
109
128
138
141
134
134
144
153
161
166
170
174
178
181
186
188
189
191
190
186
141
104
86
117
147
161
161
110
137
153
144
124
109
128
143
147
141
136
143
146
144
144
142
144
152
166
182
190
191
188
176
156
117
95
102
136
158
161
161
113
138
154
144
124
108
125
145
151
147
136
136
130
118
113
112
123
142
165
183
182
177
168
152
124
92
93
119
151
162
161
158
117
138
154
144
124
108
120
142
149
148
130
122
108
93
88
95
116
143
169
186
175
160
136
119
92
80
99
133
160
164
161
158
117
137
153
145
124
109
118
138
143
141
117
101
86
78
88
108
141
163
181
189
172
149
115
96
77
81
111
145
162
162
160
159
115
136
152
145
125
110
120
131
134
124
101
82
73
82
106
134
153
164
176
189
174
144
102
81
71
92
124
153
161
160
157
158
114
134
151
146
127
111
125
126
123
104
87
72
73
97
126
142
142
147
166
174
159
124
97
79
81
104
136
158
159
156
152
146
110
132
151
148
129
113
122
115
106
92
81
72
83
115
141
145
138
140
160
162
146
109
93
80
93
114
145
158
156
155
155
142
109
127
148
149
132
113
116
103
92
85
78
81
95
126
144
146
144
145
162
156
141
103
92
83
105
123
151
155
154
159
167
186
95
121
145
150
132
111
107
92
83
84
81
93
101
124
140
154
163
158
165
162
148
109
95
89
117
132
154
152
156
168
184
199
88
118
144
149
130
105
102
90
84
84
88
102
101
115
130
155
163
159
163
160
143
106
92
98
127
141
154
152
163
181
199
208
91
118
146
150
128
100
96
91
90
97
101
104
92
104
123
149
156
155
159
153
129
96
87
107
134
148
153
154
171
190
206
210
81
118
148
151
127
96
92
92
103
110
108
95
82
93
119
143
151
152
155
141
112
85
86
114
139
153
151
157
176
198
210
213
70
116
150
150
123
90
89
94
112
115
103
83
71
83
107
131
145
153
151
128
97
78
89
118
142
154
149
159
179
202
210
211
61
113
148
150
120
85
86
95
116
110
96
73
67
74
94
119
140
153
152
126
95
78
93
118
137
146
142
158
181
199
188
197
68
118
146
148
115
82
80
92
109
104
93
72
66
69
88
113
139
155
159
147
123
101
101
118
135
140
135
155
175
182
157
78
132
123
146
146
112
79
75
84
99
104
98
80
69
71
92
118
141
154
165
168
161
134
120
120
134
136
136
159
171
163
125
102
112
129
149
143
107
76
70
76
88
102
102
87
74
79
101
126
144
155
165
181
189
168
145
131
139
140
148
168
167
145
113
109
93
127
153
141
105
72
65
70
81
96
97
85
78
88
112
133
147
154
161
174
191
187
167
145
139
143
159
173
163
134
108
105
81
126
155
140
105
70
64
67
78
91
91
80
82
97
122
137
149
153
157
169
185
194
177
151
127
132
157
164
150
118
102
99
86
130
158
138
105
69
64
67
78
84
80
73
83
105
129
142
151
152
155
163
178
194
182
154
120
124
141
143
125
105
97
85
103
135
163
135
102
69
69
72
79
80
78
81
96
119
136
145
152
153
155
160
172
188
185
156
121
116
127
124
109
98
93
78
72
179
160
168
63
69
78
83
83
78
77
89
129
140
144
149
152
156
157
158
166
180
200
188
103
126
127
110
93
106
94
76
