166
163
172
156
110
118
121
135
141
142
144
143
143
142
142
143
141
139
139
127
139
163
164
162
162
192
168
127
131
133
136
111
165
167
171
153
109
117
121
134
140
141
143
143
143
140
139
143
141
139
139
131
127
164
168
165
161
162
210
133
131
136
102
61
168
171
168
153
108
116
120
133
138
140
141
142
141
139
140
137
139
139
139
132
127
155
164
163
163
156
183
188
126
100
62
62
172
151
169
155
104
115
122
134
138
141
142
140
148
162
177
182
162
136
136
129
125
153
158
159
156
152
154
212
122
60
63
60
162
120
172
154
99
112
118
129
135
139
127
135
141
152
176
189
195
183
134
122
122
159
150
151
155
153
155
152
66
63
62
70
123
118
171
152
100
113
118
129
135
127
128
132
143
149
173
187
202
208
206
113
116
160
146
107
156
154
154
72
63
62
76
137
104
118
169
152
100
112
118
128
133
125
129
141
146
144
177
196
200
205
208
199
111
159
148
68
136
156
102
63
63
64
127
162
104
117
169
152
96
111
117
134
134
125
135
140
140
171
182
190
195
201
203
209
164
158
147
78
177
214
70
64
63
106
158
163
112
123
171
156
100
115
119
149
126
123
133
138
158
173
180
180
187
193
190
199
199
170
167
193
206
215
76
61
76
154
163
160
112
124
174
159
101
113
115
157
142
122
135
148
154
163
172
175
175
181
186
181
181
194
200
202
192
189
60
62
130
163
163
161
110
125
174
160
101
112
113
160
162
129
140
145
148
153
149
155
163
162
165
180
193
197
201
203
151
127
61
91
158
163
161
161
113
131
175
161
99
113
114
157
168
133
139
139
142
127
93
113
91
81
168
194
194
198
169
132
142
72
62
131
165
163
160
158
117
127
174
162
98
111
114
131
186
136
134
135
108
78
72
82
95
172
183
183
188
117
142
158
72
63
79
157
168
165
161
158
117
120
174
164
97
112
115
121
180
129
134
98
75
75
72
87
150
179
175
191
200
114
126
68
67
61
110
160
167
166
163
159
115
118
174
164
100
115
120
130
146
134
92
68
66
76
86
164
172
169
178
200
209
146
100
70
68
66
147
162
158
156
158
158
114
118
174
166
100
115
119
139
116
111
82
66
64
74
150
176
150
136
168
192
188
132
84
86
66
93
156
162
163
157
152
146
110
110
175
167
101
115
120
156
94
81
82
67
66
111
187
112
83
124
144
187
101
84
77
99
62
119
161
159
159
156
150
142
109
103
176
171
108
122
122
90
87
86
96
59
71
169
145
153
151
164
144
188
146
98
74
107
66
146
158
156
154
145
163
186
95
93
174
170
106
128
98
93
74
72
97
64
128
123
138
165
180
169
148
190
160
117
70
110
86
156
156
153
146
165
198
199
88
85
172
169
109
113
94
104
74
72
106
84
139
75
136
157
169
159
143
184
157
98
69
115
110
160
155
151
147
195
204
208
91
98
172
171
105
104
89
96
96
75
94
134
76
87
137
153
162
160
144
170
148
67
75
112
140
157
153
149
164
203
209
210
81
103
173
172
108
103
76
89
103
106
150
88
67
85
134
150
150
149
160
167
112
65
80
109
155
155
151
146
174
210
210
213
70
104
175
172
113
96
72
110
102
150
121
62
67
78
113
140
152
143
154
150
69
68
86
114
158
157
152
144
185
214
213
211
61
111
172
172
101
78
66
111
118
124
66
66
63
69
79
115
146
161
170
113
63
73
91
119
156
155
151
138
193
215
212
197
68
91
170
171
110
69
68
105
109
121
85
72
62
65
74
116
138
155
165
157
95
71
94
121
130
130
133
126
205
210
147
78
132
90
167
171
101
69
80
82
89
125
106
72
64
68
80
127
146
152
169
190
204
143
80
123
148
139
121
124
209
161
92
102
112
112
170
174
83
62
76
66
86
110
110
86
66
68
100
132
149
154
164
179
197
214
108
128
150
143
134
175
212
118
113
109
93
116
169
173
79
59
77
62
69
109
118
88
73
85
115
138
150
151
160
173
193
210
165
138
147
141
144
214
184
113
111
105
81
125
166
174
83
63
66
62
74
94
101
64
64
113
113
148
153
150
156
166
185
205
206
131
138
142
148
198
149
105
105
99
86
142
161
174
83
61
64
62
67
107
81
57
78
119
118
150
154
151
152
161
176
199
213
130
97
80
156
190
96
101
102
85
103
153
160
173
73
62
68
75
70
92
71
57
92
111
143
150
153
155
152
156
169
189
208
161
109
99
153
105
92
92
108
78
72
179
160
168
63
69
78
83
83
78
77
89
129
140
144
149
152
156
157
158
166
180
200
188
103
126
127
110
93
106
94
76
