10100110
10100011
10101100
10011100
01101110
01110110
01111001
10000111
10001101
10001110
10010000
10001111
10001111
10001110
10001110
10001111
10001101
10001011
10001011
01111111
10001011
10100011
10100100
10100010
10100010
11000000
10101000
01111111
10000011
10000101
10001000
01101111
10100101
10100111
10101011
10011001
01101101
01110101
01111001
10000110
10001100
10001101
10001111
10001111
10001111
10001100
10001011
10001111
10001101
10001011
10001011
10000011
01111111
10100100
10101000
10100101
10100001
10100010
11010010
10000101
10000011
10001000
01100110
00111101
10101000
10101011
10101000
10011001
01101100
01110100
01111000
10000101
10001010
10001100
10001101
10001110
10001101
10001011
10001100
10001001
10001011
10001011
10001011
10000100
01111111
10011011
10100100
10100011
10100011
10011100
10110111
10111100
01111110
01100100
00111110
00111110
10101100
10010111
10101001
10011011
01101000
01110011
01111010
10000110
10001010
10001101
10001110
10001100
10010100
10100010
10110001
10110110
10100010
10001000
10001000
10000001
01111101
10011001
10011110
10011111
10011100
10011000
10011010
11010100
01111010
00111100
00111111
00111100
10100010
01111000
10101100
10011010
01100011
01110000
01110110
10000001
10000111
10001011
01111111
10000111
10001101
10011000
10110000
10111101
11000011
10110111
10000110
01111010
01111010
10011111
10010110
10010111
10011011
10011001
10011011
10011000
01000010
00111111
00111110
01000110
01111011
01110110
10101011
10011000
01100100
01110001
01110110
10000001
10000111
01111111
10000000
10000100
10001111
10010101
10101101
10111011
11001010
11010000
11001110
01110001
01110100
10100000
10010010
01101011
10011100
10011010
10011010
01001000
00111111
00111110
01001100
10001001
01101000
01110110
10101001
10011000
01100100
01110000
01110110
10000000
10000101
01111101
10000001
10001101
10010010
10010000
10110001
11000100
11001000
11001101
11010000
11000111
01101111
10011111
10010100
01000100
10001000
10011100
01100110
00111111
00111111
01000000
01111111
10100010
01101000
01110101
10101001
10011000
01100000
01101111
01110101
10000110
10000110
01111101
10000111
10001100
10001100
10101011
10110110
10111110
11000011
11001001
11001011
11010001
10100100
10011110
10010011
01001110
10110001
11010110
01000110
01000000
00111111
01101010
10011110
10100011
01110000
01111011
10101011
10011100
01100100
01110011
01110111
10010101
01111110
01111011
10000101
10001010
10011110
10101101
10110100
10110100
10111011
11000001
10111110
11000111
11000111
10101010
10100111
11000001
11001110
11010111
01001100
00111101
01001100
10011010
10100011
10100000
01110000
01111100
10101110
10011111
01100101
01110001
01110011
10011101
10001110
01111010
10000111
10010100
10011010
10100011
10101100
10101111
10101111
10110101
10111010
10110101
10110101
11000010
11001000
11001010
11000000
10111101
00111100
00111110
10000010
10100011
10100011
10100001
01101110
01111101
10101110
10100000
01100101
01110000
01110001
10100000
10100010
10000001
10001100
10010001
10010100
10011001
10010101
10011011
10100011
10100010
10100101
10110100
11000001
11000101
11001001
11001011
10010111
01111111
00111101
01011011
10011110
10100011
10100001
10100001
01110001
10000011
10101111
10100001
01100011
01110001
01110010
10011101
10101000
10000101
10001011
10001011
10001110
01111111
01011101
01110001
01011011
01010001
10101000
11000010
11000010
11000110
10101001
10000100
10001110
01001000
00111110
10000011
10100101
10100011
10100000
10011110
01110101
01111111
10101110
10100010
01100010
01101111
01110010
10000011
10111010
10001000
10000110
10000111
01101100
01001110
01001000
01010010
01011111
10101100
10110111
10110111
10111100
01110101
10001110
10011110
01001000
00111111
01001111
10011101
10101000
10100101
10100001
10011110
01110101
01111000
10101110
10100100
01100001
01110000
01110011
01111001
10110100
10000001
10000110
01100010
01001011
01001011
01001000
01010111
10010110
10110011
10101111
10111111
11001000
01110010
01111110
01000100
01000011
00111101
01101110
10100000
10100111
10100110
10100011
10011111
01110011
01110110
10101110
10100100
01100100
01110011
01111000
10000010
10010010
10000110
01011100
01000100
01000010
01001100
01010110
10100100
10101100
10101001
10110010
11001000
11010001
10010010
01100100
01000110
01000100
01000010
10010011
10100010
10011110
10011100
10011110
10011110
01110010
01110110
10101110
10100110
01100100
01110011
01110111
10001011
01110100
01101111
01010010
01000010
01000000
01001010
10010110
10110000
10010110
10001000
10101000
11000000
10111100
10000100
01010100
01010110
01000010
01011101
10011100
10100010
10100011
10011101
10011000
10010010
01101110
01101110
10101111
10100111
01100101
01110011
01111000
10011100
01011110
01010001
01010010
01000011
01000010
01101111
10111011
01110000
01010011
01111100
10010000
10111011
01100101
01010100
01001101
01100011
00111110
01110111
10100001
10011111
10011111
10011100
10010110
10001110
01101101
01100111
10110000
10101011
01101100
01111010
01111010
01011010
01010111
01010110
01100000
00111011
01000111
10101001
10010001
10011001
10010111
10100100
10010000
10111100
10010010
01100010
01001010
01101011
01000010
10010010
10011110
10011100
10011010
10010001
10100011
10111010
01011111
01011101
10101110
10101010
01101010
10000000
01100010
01011101
01001010
01001000
01100001
01000000
10000000
01111011
10001010
10100101
10110100
10101001
10010100
10111110
10100000
01110101
01000110
01101110
01010110
10011100
10011100
10011001
10010010
10100101
11000110
11000111
01011000
01010101
10101100
10101001
01101101
01110001
01011110
01101000
01001010
01001000
01101010
01010100
10001011
01001011
10001000
10011101
10101001
10011111
10001111
10111000
10011101
01100010
01000101
01110011
01101110
10100000
10011011
10010111
10010011
11000011
11001100
11010000
01011011
01100010
10101100
10101011
01101001
01101000
01011001
01100000
01100000
01001011
01011110
10000110
01001100
01010111
10001001
10011001
10100010
10100000
10010000
10101010
10010100
01000011
01001011
01110000
10001100
10011101
10011001
10010101
10100100
11001011
11010001
11010010
01010001
01100111
10101101
10101100
01101100
01100111
01001100
01011001
01100111
01101010
10010110
01011000
01000011
01010101
10000110
10010110
10010110
10010101
10100000
10100111
01110000
01000001
01010000
01101101
10011011
10011011
10010111
10010010
10101110
11010010
11010010
11010101
01000110
01101000
10101111
10101100
01110001
01100000
01001000
01101110
01100110
10010110
01111001
00111110
01000011
01001110
01110001
10001100
10011000
10001111
10011010
10010110
01000101
01000100
01010110
01110010
10011110
10011101
10011000
10010000
10111001
11010110
11010101
11010011
00111101
01101111
10101100
10101100
01100101
01001110
01000010
01101111
01110110
01111100
01000010
01000010
00111111
01000101
01001111
01110011
10010010
10100001
10101010
01110001
00111111
01001001
01011011
01110111
10011100
10011011
10010111
10001010
11000001
11010111
11010100
11000101
01000100
01011011
10101010
10101011
01101110
01000101
01000100
01101001
01101101
01111001
01010101
01001000
00111110
01000001
01001010
01110100
10001010
10011011
10100101
10011101
01011111
01000111
01011110
01111001
10000010
10000010
10000101
01111110
11001101
11010010
10010011
01001110
10000100
01011010
10100111
10101011
01100101
01000101
01010000
01010010
01011001
01111101
01101010
01001000
01000000
01000100
01010000
01111111
10010010
10011000
10101001
10111110
11001100
10001111
01010000
01111011
10010100
10001011
01111001
01111100
11010001
10100001
01011100
01100110
01110000
01110000
10101010
10101110
01010011
00111110
01001100
01000010
01010110
01101110
01101110
01010110
01000010
01000100
01100100
10000100
10010101
10011010
10100100
10110011
11000101
11010110
01101100
10000000
10010110
10001111
10000110
10101111
11010100
01110110
01110001
01101101
01011101
01110100
10101001
10101101
01001111
00111011
01001101
00111110
01000101
01101101
01110110
01011000
01001001
01010101
01110011
10001010
10010110
10010111
10100000
10101101
11000001
11010010
10100101
10001010
10010011
10001101
10010000
11010110
10111000
01110001
01101111
01101001
01010001
01111101
10100110
10101110
01010011
00111111
01000010
00111110
01001010
01011110
01100101
01000000
01000000
01110001
01110001
10010100
10011001
10010110
10011100
10100110
10111001
11001101
11001110
10000011
10001010
10001110
10010100
11000110
10010101
01101001
01101001
01100011
01010110
10001110
10100001
10101110
01010011
00111101
01000000
00111110
01000011
01101011
01010001
00111001
01001110
01110111
01110110
10010110
10011010
10010111
10011000
10100001
10110000
11000111
11010101
10000010
01100001
01010000
10011100
10111110
01100000
01100101
01100110
01010101
01100111
10011001
10100000
10101101
01001001
00111110
01000100
01001011
01000110
01011100
01000111
00111001
01011100
01101111
10001111
10010110
10011001
10011011
10011000
10011100
10101001
10111101
11010000
10100001
01101101
01100011
10011001
01101001
01011100
01011100
01101100
01001110
01001000
10110011
10100000
10101000
00111111
01000101
01001110
01010011
01010011
01001110
01001101
01011001
10000001
10001100
10010000
10010101
10011000
10011100
10011101
10011110
10100110
10110100
11001000
10111100
01100111
01111110
01111111
01101110
01011101
01101010
01011110
01001100
